.Random.seed <-
c(403L, 10L, 10671058L, 1640189540L, -1382777433L, -758861059L, 
1414547188L, 656576986L, 860517669L, -2044144577L, -611834938L, 
-1762906032L, -1870513037L, 1031901329L, -1869320000L, -215090530L, 
-2108893591L, 1182803611L, -372061270L, -1227853876L, 245621391L, 
-175240507L, -857890180L, -518426926L, 1344383565L, 1622910727L, 
847489774L, 935673800L, -728940341L, -1730977495L, -1352959624L, 
-995471706L, -705333055L, -407826093L, 635878914L, 721053492L, 
-1053637449L, 29242541L, -1662103100L, 1990963690L, 1393864277L, 
744284143L, 1603473398L, 605178144L, 1167075043L, -966590591L, 
-233092624L, -799344498L, -508805127L, -1222027893L, -2137099846L, 
340340924L, -924232705L, -2120670891L, -734274964L, 1229369026L, 
691624221L, 423399319L, -193836290L, 1743106232L, -988243301L, 
1146812665L, 1338059336L, 1555592566L, 1901544625L, -713381661L, 
-289757262L, 121591812L, -700519609L, 1619649053L, -1538180972L, 
-1045325766L, 1447221893L, 98110303L, 963871718L, 135220848L, 
-1772691053L, 1933985329L, -382329632L, -1935118978L, 1144881161L, 
-1075670981L, 1553325578L, -1887834644L, -1357225361L, -1710969435L, 
1785687388L, -452079310L, -1096503251L, 1399508711L, -1578785778L, 
1463438824L, -859514901L, 974702729L, -1392096232L, -932680890L, 
-1399768671L, 577292339L, 1297778082L, -355532652L, 2135942935L, 
-102280947L, 64583716L, 287889418L, -745632395L, -16827185L, 
1996877782L, -393040000L, 1173128131L, 1124328801L, -2011374640L, 
-260334802L, 915228377L, -1165241109L, 1819841882L, -484178148L, 
-160046561L, -1691532683L, 1596428044L, -709106974L, -1383663683L, 
-1578807241L, -1421354274L, 678684184L, 249547131L, -1383825127L, 
1561374120L, 424038742L, 282161617L, -1636028029L, -132640750L, 
1151501220L, 1942254439L, 1704659133L, 1262432308L, -1846819942L, 
97800165L, -2051482753L, 169773830L, -1995742064L, -1361218253L, 
1346425553L, 2031704192L, -1050214050L, -830277975L, 1259577691L, 
-2107364502L, -2091662836L, -945978801L, 175664901L, 1276176316L, 
1456194194L, -759895667L, 1088410055L, -493129042L, 1836440328L, 
755157259L, -1309943831L, 1113485496L, 407091046L, -962669567L, 
895476371L, -1819392702L, -1552381196L, -1278101769L, -306571539L, 
-607755900L, 1678045098L, -1450593003L, -818462801L, 511905718L, 
-90442272L, 1034521891L, 1834312257L, -1990832848L, 77350734L, 
-1150808647L, -627249205L, -303422342L, 1381152124L, -616460865L, 
13265557L, -21423956L, 148103810L, -438949283L, -1487200937L, 
1349460030L, -855165832L, 1852694363L, 1766402745L, -1462163704L, 
-1578246730L, 1767342833L, 462636323L, -1185210510L, 1639296452L, 
-566971001L, 284227421L, -2074306220L, 1081514874L, -1100686651L, 
2104052767L, 620157862L, 1535728944L, 1047191507L, -1520710159L, 
-1698825440L, -1437108802L, 1800474057L, -42348165L, 2017433418L, 
-1477900372L, -635400529L, 1026821221L, 1226849308L, -1006333326L, 
-479370003L, 1988066599L, 1305258318L, -1090844248L, 776080811L, 
800720585L, -1220911400L, 595002246L, 1504007777L, -751595533L, 
-2000903582L, 330880212L, -390826537L, -818114256L, 313119908L, 
1147496120L, -2086437542L, -2012531312L, 1872581500L, -1420457708L, 
-1655184574L, 816667392L, -553633860L, 1071636304L, 1444217634L, 
1286708552L, -1555740148L, 1041934428L, 1255685330L, 1190246912L, 
-310244012L, -1522927128L, -1469420550L, 1069809872L, -1055503060L, 
-573005068L, 1693448594L, -176597920L, 1402037516L, 2003391200L, 
-1905653406L, 1935448744L, -1557757364L, 334246268L, -1547688654L, 
-1101082512L, 728024900L, 1655070168L, 1197862010L, 1157656112L, 
196799164L, -373055660L, 959255618L, -104899168L, 914467516L, 
-1711228464L, -195355294L, 1624297448L, -608663604L, 2092748540L, 
-1279917582L, 1187973248L, 1615193332L, 2025080456L, -1723951302L, 
1976357712L, 308102764L, -1192640364L, 565473618L, 1410596576L, 
1962775244L, 982995104L, 851803010L, -1943203096L, 1893151468L, 
-351871940L, -927378830L, 864556144L, 277161508L, 971555896L, 
2122881050L, 1764858576L, -1286220740L, -1409727340L, 1852996738L, 
-986118208L, 1872877884L, 882135696L, 1435864098L, 1389388808L, 
-1389311860L, -1867965412L, -1094568302L, -203922304L, -1906511852L, 
488916264L, -502919622L, -747846448L, -141699988L, 1904480948L, 
1243641874L, 2080303072L, 2059309004L, 646131168L, 305724962L, 
1328777512L, -850628340L, 940656188L, 977146098L, -350459152L, 
-421186748L, -260416936L, -809246150L, -245004560L, 608980156L, 
994602516L, -825818942L, -634593184L, -574976644L, -519897904L, 
1496165410L, 186153640L, -95633524L, -1339852356L, -1478245326L, 
-1820743872L, -685557580L, 684512072L, -1251185990L, -1004531952L, 
-908289812L, 244528212L, -633284846L, 12612512L, 854974412L, 
-543724704L, -2105343806L, -2006055384L, 1276188076L, -1014681796L, 
-1396048014L, 119100208L, 804995620L, -302010312L, 1896516826L, 
-1299136112L, -1269434628L, -877654124L, -23280830L, -632702464L, 
-1779965380L, 1161778768L, 324383394L, -832111800L, -1794180596L, 
1652108508L, 1880240722L, 2091886720L, -1219691692L, 316101096L, 
1507273466L, -1158654128L, 1916109868L, 1145574772L, 981122706L, 
2011544160L, 444420748L, -1101026464L, -2067090718L, -1178814296L, 
1324839116L, 2064114172L, 70467506L, 839792112L, -724718140L, 
484759384L, -1993737350L, 2043821488L, 1595523516L, 256507988L, 
-1521732670L, -1759722720L, -1938016324L, -1703906736L, 318795234L, 
1540698472L, 541158732L, 140378364L, -1679441166L, 1986825984L, 
1284226676L, 103546888L, 642945466L, 264253392L, 1721993708L, 
741738388L, -1878166830L, -1442734496L, -1729067700L, -1410734816L, 
1668336258L, 824646120L, -1190821908L, -1799510468L, 77284978L, 
615869296L, 136169764L, 1256464952L, 1736907162L, 1839561168L, 
1121707452L, 1414068372L, 1595954306L, -23345728L, 1250724668L, 
-1527419760L, -337470686L, 1226012168L, -596916980L, -2044906084L, 
-1557983726L, -357491840L, -532040940L, 2059284776L, 1987986490L, 
-928035888L, -722634132L, 777237044L, 1857813138L, -2093103776L, 
-1094403764L, -391477280L, 1269233058L, 2026157480L, 585750156L, 
-1298006596L, -1625239950L, 921965552L, 2082975300L, 130199640L, 
-1951066425L, -308211792L, 469647822L, 220093179L, -997127843L, 
-537658742L, -2073605976L, 1701379089L, 1839426819L, 892002308L, 
1726697522L, -1495435129L, 1233335505L, 529165910L, 1241030196L, 
-528460475L, 184457103L, 797704968L, -542161626L, 2122022355L, 
876590901L, 1087577746L, -384554400L, -827610167L, -336606469L, 
-1982057268L, 2078936410L, 128491599L, 2084965657L, 1939752750L, 
2112510268L, 1818504877L, -682989225L, -565557088L, 699692542L, 
-1344845621L, 1551505101L, -897129990L, -1567024584L, -1786054687L, 
-1046417261L, -1781181772L, -1368358974L, 1396452311L, 257704993L, 
14554086L, 1404395236L, 498018837L, 1610392127L, -1048102440L, 
387362806L, 1425569795L, 1908724549L, -1456744606L, -1872496432L, 
-1955445767L, 1868635947L, -1078707044L, 836047562L, -2011866177L, 
-2004412663L, -1920229346L, -732958260L, 57613213L, 1542297127L, 
-1967956912L, 769017070L, -991026789L, 398743549L, 422638314L, 
-1097833080L, -1417469135L, -1853834333L, -184120412L, 1879639634L, 
-929987161L, 1311039985L, 346920246L, -1305748012L, 798937957L, 
-86254737L, 2147128744L, 1461594886L, 1839083059L, -359029611L, 
287571186L, 937471296L, -1354116439L, 1501780763L, -1645073172L, 
1124356346L, -1597820625L, 8258873L, 688113486L, 1271041436L, 
-291008755L, -2133096073L, 1724616064L, -801739810L, 2076583083L, 
-2005024851L, -773303270L, 1208154840L, 651965249L, -679181325L, 
617287188L, -43726942L, -1435404105L, 1508827777L, 773776006L, 
-1919241532L, 377385973L, -2068657569L, 1101298872L, 1380293014L, 
1341711267L, -1460676763L, 406285954L, 568011760L, 625528217L, 
1631798155L, -1000886660L, -2023201622L, 1549620959L, -536925079L, 
-1111718274L, -778604948L, 318640829L, 94277511L, -1085539472L, 
-2020046322L, -2066323653L, -1149404131L, 785429706L, -1956974616L, 
778861777L, -1174529853L, 1559982020L, 558378098L, -178289337L, 
-1820837615L, 1876913302L, 6521332L, -27970683L, 460921551L, 
